"year" "lower" "upper" "NumbersTotArea" "midw" "Nden"
"1" 1983 13.33521432 18.83649089 5046.05927825 16.085852605 3.18877950875965e-05
"2" 1984 13.33521432 18.83649089 4511.266746437 16.085852605 2.8508255980251e-05
"3" 1985 13.33521432 18.83649089 4127.60787226 16.085852605 2.60837827648794e-05
"4" 1986 13.33521432 18.83649089 4420.119160745 16.085852605 2.79322628388696e-05
"5" 1987 13.33521432 18.83649089 9044.444087324 16.085852605 5.71549725903801e-05
"6" 1988 13.33521432 18.83649089 1052.409203293 16.085852605 6.65053800845288e-06
"7" 1989 13.33521432 18.83649089 7577.144211505 16.085852605 4.78825968230469e-05
"8" 1990 13.33521432 18.83649089 2112.276072876 16.085852605 1.33482035913899e-05
"9" 1991 13.33521432 18.83649089 7346.040353875 16.085852605 4.64221715585593e-05
"10" 1992 13.33521432 18.83649089 13476.154388925 16.085852605 8.51604838601671e-05
"11" 1993 13.33521432 18.83649089 12060.261648157 16.085852605 7.62129675719153e-05
"12" 1994 13.33521432 18.83649089 3632.530213497 16.085852605 2.29552156861834e-05
"13" 1995 13.33521432 18.83649089 7964.454198591 16.085852605 5.03301426845892e-05
"14" 1996 13.33521432 18.83649089 2446.832800684 16.085852605 1.54623833489488e-05
"15" 1997 13.33521432 18.83649089 7623.540427633 16.085852605 4.81757905711082e-05
"16" 1998 13.33521432 18.83649089 6622.430876166 16.085852605 4.18494328180366e-05
"17" 1999 13.33521432 18.83649089 2544.540322778 16.085852605 1.60798309989357e-05
"18" 2000 13.33521432 18.83649089 22214.757450281 16.085852605 0.000140382741151802
"19" 2001 13.33521432 18.83649089 6943.868976774 16.085852605 4.38807114297871e-05
"20" 2002 13.33521432 18.83649089 3550.838220094 16.085852605 2.24389757051827e-05
"21" 2003 13.33521432 18.83649089 1811.147146368 16.085852605 1.14452656800531e-05
"22" 2004 13.33521432 18.83649089 3703.102005002 16.085852605 2.34011832625406e-05
"23" 2005 13.33521432 18.83649089 2246.734588277 16.085852605 1.41978934880921e-05
"24" 2006 13.33521432 18.83649089 7939.914895358 16.085852605 5.01750703340802e-05
"25" 2007 13.33521432 18.83649089 2236.343868651 16.085852605 1.4132230934409e-05
"26" 2008 13.33521432 18.83649089 2825.239214206 16.085852605 1.78536644474948e-05
"27" 2009 13.33521432 18.83649089 8936.304048502 16.085852605 5.64715982563559e-05
"28" 2010 13.33521432 18.83649089 10481.213237524 16.085852605 6.6234414135436e-05
"29" 2011 13.33521432 18.83649089 1774.92853144 16.085852605 1.12163877165779e-05
"30" 1983 18.83649089 26.6072506 5422.137626838 22.721870745 2.42573122517592e-05
"31" 1984 18.83649089 26.6072506 7514.405791414 22.721870745 3.36176062308946e-05
"32" 1985 18.83649089 26.6072506 7617.656731116 22.721870745 3.40795255802379e-05
"33" 1986 18.83649089 26.6072506 5065.167705525 22.721870745 2.26603164833532e-05
"34" 1987 18.83649089 26.6072506 7005.205304465 22.721870745 3.13395682944299e-05
"35" 1988 18.83649089 26.6072506 3554.443771359 22.721870745 1.59017085837891e-05
"36" 1989 18.83649089 26.6072506 3461.618092196 22.721870745 1.54864292900115e-05
"37" 1990 18.83649089 26.6072506 3858.566933911 22.721870745 1.72622809308467e-05
"38" 1991 18.83649089 26.6072506 6355.593372851 22.721870745 2.84333640347607e-05
"39" 1992 18.83649089 26.6072506 9343.65721395 22.721870745 4.18012278940184e-05
"40" 1993 18.83649089 26.6072506 10491.196385622 22.721870745 4.69350363518841e-05
"41" 1994 18.83649089 26.6072506 3073.486146402 22.721870745 1.37500222764e-05
"42" 1995 18.83649089 26.6072506 8216.724287116 22.721870745 3.67596067153722e-05
"43" 1996 18.83649089 26.6072506 12288.1435364 22.721870745 5.4974136635982e-05
"44" 1997 18.83649089 26.6072506 10742.114373678 22.721870745 4.80575818136095e-05
"45" 1998 18.83649089 26.6072506 25634.094409681 22.721870745 0.00011468064353603
"46" 1999 18.83649089 26.6072506 4337.227192148 22.721870745 1.94036893836849e-05
"47" 2000 18.83649089 26.6072506 21799.005913782 22.721870745 9.75233993713517e-05
"48" 2001 18.83649089 26.6072506 15801.881363875 22.721870745 7.06937368228154e-05
"49" 2002 18.83649089 26.6072506 5035.878288872 22.721870745 2.25292828257221e-05
"50" 2003 18.83649089 26.6072506 2085.923124447 22.721870745 9.33190782772209e-06
"51" 2004 18.83649089 26.6072506 2067.799570163 22.721870745 9.25082749637774e-06
"52" 2005 18.83649089 26.6072506 817.087639536 22.721870745 3.65544945063229e-06
"53" 2006 18.83649089 26.6072506 3156.613042415 22.721870745 1.41219115960525e-05
"54" 2007 18.83649089 26.6072506 4199.224821293 22.721870745 1.87863006651206e-05
"55" 2008 18.83649089 26.6072506 2401.798212834 22.721870745 1.07450554050963e-05
"56" 2009 18.83649089 26.6072506 6010.383293252 22.721870745 2.688897891037e-05
"57" 2010 18.83649089 26.6072506 4292.6269753 22.721870745 1.92041589657879e-05
"58" 2011 18.83649089 26.6072506 7631.324481773 22.721870745 3.41406717403473e-05
"59" 1983 26.6072506 37.58374043 2318.14258788 32.095495515 7.34196463061103e-06
"60" 1984 26.6072506 37.58374043 4739.614694327 32.095495515 1.5011191990695e-05
"61" 1985 26.6072506 37.58374043 2785.81471522 32.095495515 8.82316437889443e-06
"62" 1986 26.6072506 37.58374043 2631.888165276 32.095495515 8.33565196645291e-06
"63" 1987 26.6072506 37.58374043 4586.755079077 32.095495515 1.4527058747778e-05
"64" 1988 26.6072506 37.58374043 3179.575075222 32.095495515 1.00702725814642e-05
"65" 1989 26.6072506 37.58374043 2600.167165781 32.095495515 8.23518599099584e-06
"66" 1990 26.6072506 37.58374043 3822.61032196 32.095495515 1.21068781218094e-05
"67" 1991 26.6072506 37.58374043 4588.51124049 32.095495515 1.45326208193465e-05
"68" 1992 26.6072506 37.58374043 6492.602939696 32.095495515 2.05632135801634e-05
"69" 1993 26.6072506 37.58374043 8821.616428885 32.095495515 2.79396082640986e-05
"70" 1994 26.6072506 37.58374043 2506.78228253 32.095495515 7.9394196677993e-06
"71" 1995 26.6072506 37.58374043 5876.846454915 32.095495515 1.86130046689567e-05
"72" 1996 26.6072506 37.58374043 5996.973048933 32.095495515 1.89934666858693e-05
"73" 1997 26.6072506 37.58374043 8539.388878119 32.095495515 2.70457440530092e-05
"74" 1998 26.6072506 37.58374043 7722.562744615 32.095495515 2.44587122574243e-05
"75" 1999 26.6072506 37.58374043 3831.161160088 32.095495515 1.21339601276472e-05
"76" 2000 26.6072506 37.58374043 9761.719754844 32.095495515 3.09170805750762e-05
"77" 2001 26.6072506 37.58374043 6565.02138378 32.095495515 2.07925755089113e-05
"78" 2002 26.6072506 37.58374043 7933.916861627 32.095495515 2.51281078587774e-05
"79" 2003 26.6072506 37.58374043 2021.681377382 32.095495515 6.40301991978761e-06
"80" 2004 26.6072506 37.58374043 1576.976971285 32.095495515 4.99456297770322e-06
"81" 2005 26.6072506 37.58374043 1090.439400623 32.095495515 3.45361305773706e-06
"82" 2006 26.6072506 37.58374043 3639.44047172 32.095495515 1.15267470423462e-05
"83" 2007 26.6072506 37.58374043 2648.47316036 32.095495515 8.38817955813006e-06
"84" 2008 26.6072506 37.58374043 2006.306936761 32.095495515 6.35432636666237e-06
"85" 2009 26.6072506 37.58374043 4113.225354512 32.095495515 1.30273069605168e-05
"86" 2010 26.6072506 37.58374043 6005.127502411 32.095495515 1.90192932719173e-05
"87" 2011 26.6072506 37.58374043 6145.853370577 32.095495515 1.94649968071911e-05
"88" 1983 37.58374043 53.08844442 1628.642128801 45.336092425 3.65172283339378e-06
"89" 1984 37.58374043 53.08844442 3795.998023827 45.336092425 8.51134353827124e-06
"90" 1985 37.58374043 53.08844442 2020.072537651 45.336092425 4.52938363830893e-06
"91" 1986 37.58374043 53.08844442 1678.43722776 45.336092425 3.76337283718777e-06
"92" 1987 37.58374043 53.08844442 4006.18298677 45.336092425 8.98261786848892e-06
"93" 1988 37.58374043 53.08844442 1857.248961712 45.336092425 4.16430247065609e-06
"94" 1989 37.58374043 53.08844442 3134.432858824 45.336092425 7.02798965954166e-06
"95" 1990 37.58374043 53.08844442 2477.378630911 45.336092425 5.55475015258242e-06
"96" 1991 37.58374043 53.08844442 4188.35774291 45.336092425 9.39108803200737e-06
"97" 1992 37.58374043 53.08844442 5831.528798348 45.336092425 1.30753874592438e-05
"98" 1993 37.58374043 53.08844442 5309.892442597 45.336092425 1.19057803630387e-05
"99" 1994 37.58374043 53.08844442 2063.1961602 45.336092425 4.62607493367458e-06
"100" 1995 37.58374043 53.08844442 4940.694966625 45.336092425 1.10779699870227e-05
"101" 1996 37.58374043 53.08844442 2779.44000464 45.336092425 6.23202872472923e-06
"102" 1997 37.58374043 53.08844442 3931.108352845 45.336092425 8.81428637929035e-06
"103" 1998 37.58374043 53.08844442 3072.089003745 45.336092425 6.88820297768701e-06
"104" 1999 37.58374043 53.08844442 2286.164180767 45.336092425 5.12601129011683e-06
"105" 2000 37.58374043 53.08844442 9078.877937567 45.336092425 2.03565567167392e-05
"106" 2001 37.58374043 53.08844442 3356.408776078 45.336092425 7.52570153323408e-06
"107" 2002 37.58374043 53.08844442 4251.549911462 45.336092425 9.53277679267015e-06
"108" 2003 37.58374043 53.08844442 2999.01572445 45.336092425 6.72435890304738e-06
"109" 2004 37.58374043 53.08844442 1591.06322174 45.336092425 3.56746383594929e-06
"110" 2005 37.58374043 53.08844442 1624.484169053 45.336092425 3.64239990339977e-06
"111" 2006 37.58374043 53.08844442 5788.75075969 45.336092425 1.29794710281429e-05
"112" 2007 37.58374043 53.08844442 1981.309770678 45.336092425 4.44247020365215e-06
"113" 2008 37.58374043 53.08844442 2378.206116124 45.336092425 5.33238666935398e-06
"114" 2009 37.58374043 53.08844442 3284.872235097 45.336092425 7.36530311574094e-06
"115" 2010 37.58374043 53.08844442 6739.572587301 45.336092425 1.51113929015703e-05
"116" 2011 37.58374043 53.08844442 3701.844364065 45.336092425 8.30023327462259e-06
"117" 1983 53.08844442 74.98942093 787.344562286 64.038932675 1.24978979647353e-06
"118" 1984 53.08844442 74.98942093 1620.983963839 64.038932675 2.57306561230469e-06
"119" 1985 53.08844442 74.98942093 1054.076230656 64.038932675 1.67318577009567e-06
"120" 1986 53.08844442 74.98942093 733.595263675 64.038932675 1.1644709561724e-06
"121" 1987 53.08844442 74.98942093 1532.354116936 64.038932675 2.43237920430973e-06
"122" 1988 53.08844442 74.98942093 2021.04350188 64.038932675 3.2080993098435e-06
"123" 1989 53.08844442 74.98942093 1567.472761682 64.038932675 2.48812471392765e-06
"124" 1990 53.08844442 74.98942093 1999.625707655 64.038932675 3.17410181755415e-06
"125" 1991 53.08844442 74.98942093 2025.44530764 64.038932675 3.21508650730242e-06
"126" 1992 53.08844442 74.98942093 2015.554933292 64.038932675 3.19938704161037e-06
"127" 1993 53.08844442 74.98942093 2383.32056588 64.038932675 3.78315907372756e-06
"128" 1994 53.08844442 74.98942093 1528.756892357 64.038932675 2.42666915715908e-06
"129" 1995 53.08844442 74.98942093 1991.085127992 64.038932675 3.16054494572183e-06
"130" 1996 53.08844442 74.98942093 1961.324355154 64.038932675 3.11330424322672e-06
"131" 1997 53.08844442 74.98942093 1111.544010468 64.038932675 1.76440713400082e-06
"132" 1998 53.08844442 74.98942093 1026.391095148 64.038932675 1.62923982631291e-06
"133" 1999 53.08844442 74.98942093 1158.485705332 64.038932675 1.83891993828039e-06
"134" 2000 53.08844442 74.98942093 2670.325841762 64.038932675 4.23873631717729e-06
"135" 2001 53.08844442 74.98942093 2761.891407469 64.038932675 4.38408273247058e-06
"136" 2002 53.08844442 74.98942093 1447.503187045 64.038932675 2.29769125258099e-06
"137" 2003 53.08844442 74.98942093 1313.418242931 64.038932675 2.0848517880804e-06
"138" 2004 53.08844442 74.98942093 1235.926461952 64.038932675 1.96184536647393e-06
"139" 2005 53.08844442 74.98942093 933.645316241 64.038932675 1.48202000198668e-06
"140" 2006 53.08844442 74.98942093 2483.753989451 64.038932675 3.94258186524275e-06
"141" 2007 53.08844442 74.98942093 1250.606527193 64.038932675 1.98514773830526e-06
"142" 2008 53.08844442 74.98942093 1624.236618392 64.038932675 2.57822870692236e-06
"143" 2009 53.08844442 74.98942093 1560.184339235 64.038932675 2.47655545131637e-06
"144" 2010 53.08844442 74.98942093 2376.687129253 64.038932675 3.77262950153123e-06
"145" 2011 53.08844442 74.98942093 1504.553806587 64.038932675 2.38825043797635e-06
"146" 1983 74.98942093 105.9253725 820.011822761 90.457396715 9.21493458201516e-07
"147" 1984 74.98942093 105.9253725 1259.122509098 90.457396715 1.41494686174331e-06
"148" 1985 74.98942093 105.9253725 2589.315251789 90.457396715 2.90975934677518e-06
"149" 1986 74.98942093 105.9253725 1390.831127066 90.457396715 1.56295525196093e-06
"150" 1987 74.98942093 105.9253725 1999.957557456 90.457396715 2.24746492028753e-06
"151" 1988 74.98942093 105.9253725 3437.336150962 90.457396715 3.86272818126703e-06
"152" 1989 74.98942093 105.9253725 1635.247230071 90.457396715 1.83761938941186e-06
"153" 1990 74.98942093 105.9253725 2008.513364025 90.457396715 2.25707956188676e-06
"154" 1991 74.98942093 105.9253725 1837.918182925 90.457396715 2.06537215106547e-06
"155" 1992 74.98942093 105.9253725 1658.129040588 90.457396715 1.86333296831152e-06
"156" 1993 74.98942093 105.9253725 2022.418469701 90.457396715 2.27270551209915e-06
"157" 1994 74.98942093 105.9253725 2611.6271714 90.457396715 2.93483250717454e-06
"158" 1995 74.98942093 105.9253725 1723.814978107 90.457396715 1.93714795492451e-06
"159" 1996 74.98942093 105.9253725 3638.905812602 90.457396715 4.08924335997232e-06
"160" 1997 74.98942093 105.9253725 1614.563938231 90.457396715 1.81437640974303e-06
"161" 1998 74.98942093 105.9253725 1810.136493732 90.457396715 2.03415230259678e-06
"162" 1999 74.98942093 105.9253725 1672.535181493 90.457396715 1.87952196002287e-06
"163" 2000 74.98942093 105.9253725 1636.846480127 90.457396715 1.83941655674985e-06
"164" 2001 74.98942093 105.9253725 7158.055120614 90.457396715 8.04390959252567e-06
"165" 2002 74.98942093 105.9253725 2556.261112582 90.457396715 2.87261454934632e-06
"166" 2003 74.98942093 105.9253725 1372.896905516 90.457396715 1.54280155737075e-06
"167" 2004 74.98942093 105.9253725 981.41827663 90.457396715 1.10287497883739e-06
"168" 2005 74.98942093 105.9253725 774.978233023 90.457396715 8.70886677675873e-07
"169" 2006 74.98942093 105.9253725 1076.124834068 90.457396715 1.2093020701372e-06
"170" 2007 74.98942093 105.9253725 2184.369298623 90.457396715 2.45469877763458e-06
"171" 2008 74.98942093 105.9253725 1535.684654836 90.457396715 1.72573531748246e-06
"172" 2009 74.98942093 105.9253725 1291.982180742 90.457396715 1.45187312502161e-06
"173" 2010 74.98942093 105.9253725 1489.916222416 90.457396715 1.67430275285777e-06
"174" 2011 74.98942093 105.9253725 2507.907743842 90.457396715 2.81827714622707e-06
"175" 1983 105.9253725 149.6235656 1026.881820709 127.77446905 8.16944602215784e-07
"176" 1984 105.9253725 149.6235656 1119.799785311 127.77446905 8.90866282490609e-07
"177" 1985 105.9253725 149.6235656 3034.531575437 127.77446905 2.41414751027045e-06
"178" 1986 105.9253725 149.6235656 1726.021221481 127.77446905 1.37315092327298e-06
"179" 1987 105.9253725 149.6235656 1888.145850024 127.77446905 1.5021305560831e-06
"180" 1988 105.9253725 149.6235656 3335.141882843 127.77446905 2.65330060759201e-06
"181" 1989 105.9253725 149.6235656 2355.664399404 127.77446905 1.87406893073272e-06
"182" 1990 105.9253725 149.6235656 1680.317119453 127.77446905 1.33679063458356e-06
"183" 1991 105.9253725 149.6235656 3049.379732798 127.77446905 2.42596008866486e-06
"184" 1992 105.9253725 149.6235656 2395.125626869 127.77446905 1.9054626472483e-06
"185" 1993 105.9253725 149.6235656 2333.412052307 127.77446905 1.85636588596076e-06
"186" 1994 105.9253725 149.6235656 2357.057221715 127.77446905 1.87517700241718e-06
"187" 1995 105.9253725 149.6235656 1715.0754511 127.77446905 1.36444292216757e-06
"188" 1996 105.9253725 149.6235656 2944.707344439 127.77446905 2.34268707618531e-06
"189" 1997 105.9253725 149.6235656 2201.347051132 127.77446905 1.75130044641773e-06
"190" 1998 105.9253725 149.6235656 1964.743488007 127.77446905 1.56306846113773e-06
"191" 1999 105.9253725 149.6235656 1688.118009436 127.77446905 1.3429966992305e-06
"192" 2000 105.9253725 149.6235656 1624.508632271 127.77446905 1.29239171599165e-06
"193" 2001 105.9253725 149.6235656 6996.853245189 127.77446905 5.56640635356322e-06
"194" 2002 105.9253725 149.6235656 3703.487856165 127.77446905 2.9463413924075e-06
"195" 2003 105.9253725 149.6235656 1815.464814033 127.77446905 1.44430853719168e-06
"196" 2004 105.9253725 149.6235656 1262.068315108 127.77446905 1.00404922636879e-06
"197" 2005 105.9253725 149.6235656 609.824732065 127.77446905 4.85151273604412e-07
"198" 2006 105.9253725 149.6235656 692.488857523 127.77446905 5.50915424578644e-07
"199" 2007 105.9253725 149.6235656 4326.40473475 127.77446905 3.44190823498512e-06
"200" 2008 105.9253725 149.6235656 1156.829774636 127.77446905 9.20325806740712e-07
"201" 2009 105.9253725 149.6235656 1578.040617411 127.77446905 1.25542368992479e-06
"202" 2010 105.9253725 149.6235656 1554.14901692 127.77446905 1.23641652311572e-06
"203" 2011 105.9253725 149.6235656 3815.957657807 127.77446905 3.03581770361561e-06
"204" 1983 149.6235656 211.348904 1500.304554816 180.4862348 8.44990000952038e-07
"205" 1984 149.6235656 211.348904 1201.836279659 180.4862348 6.76888992860386e-07
"206" 1985 149.6235656 211.348904 1617.029533705 180.4862348 9.10730946486019e-07
"207" 1986 149.6235656 211.348904 1577.811024682 180.4862348 8.88642599243251e-07
"208" 1987 149.6235656 211.348904 1356.385859051 180.4862348 7.63933219193218e-07
"209" 1988 149.6235656 211.348904 1919.749054789 180.4862348 1.08122630863623e-06
"210" 1989 149.6235656 211.348904 2104.288842234 180.4862348 1.18516138946251e-06
"211" 1990 149.6235656 211.348904 1363.567870084 180.4862348 7.67978216250737e-07
"212" 1991 149.6235656 211.348904 1928.870601175 180.4862348 1.0863636758892e-06
"213" 1992 149.6235656 211.348904 2152.176891925 180.4862348 1.21213252877159e-06
"214" 1993 149.6235656 211.348904 1896.759411358 180.4862348 1.06827825834718e-06
"215" 1994 149.6235656 211.348904 1225.132134094 180.4862348 6.9000950495776e-07
"216" 1995 149.6235656 211.348904 1486.446216654 180.4862348 8.37184814239038e-07
"217" 1996 149.6235656 211.348904 1628.631302206 180.4862348 9.17265205377146e-07
"218" 1997 149.6235656 211.348904 2367.857313798 180.4862348 1.33360639839279e-06
"219" 1998 149.6235656 211.348904 1239.309054321 180.4862348 6.97994121012984e-07
"220" 1999 149.6235656 211.348904 1309.453791664 180.4862348 7.37500500890309e-07
"221" 2000 149.6235656 211.348904 1184.061521158 180.4862348 6.66878029983236e-07
"222" 2001 149.6235656 211.348904 2634.444284768 180.4862348 1.48375146336019e-06
"223" 2002 149.6235656 211.348904 4781.638752644 180.4862348 2.69307782955073e-06
"224" 2003 149.6235656 211.348904 2198.211546136 180.4862348 1.23805981292248e-06
"225" 2004 149.6235656 211.348904 1535.255441553 180.4862348 8.64674770769186e-07
"226" 2005 149.6235656 211.348904 821.28446865 180.4862348 4.6255752654938e-07
"227" 2006 149.6235656 211.348904 788.085057537 180.4862348 4.43859209372424e-07
"228" 2007 149.6235656 211.348904 1871.249976333 180.4862348 1.05391103040212e-06
"229" 2008 149.6235656 211.348904 1418.988029262 180.4862348 7.99191532377957e-07
"230" 2009 149.6235656 211.348904 1595.598571647 180.4862348 8.98660764740811e-07
"231" 2010 149.6235656 211.348904 2042.209553598 180.4862348 1.1501975696199e-06
"232" 2011 149.6235656 211.348904 2680.149965144 180.4862348 1.50949346539602e-06
"233" 1983 211.348904 298.5382619 1371.407271315 254.94358295 5.4681269669485e-07
"234" 1984 211.348904 298.5382619 976.708766268 254.94358295 3.89437015202928e-07
"235" 1985 211.348904 298.5382619 870.404916147 254.94358295 3.47051141823409e-07
"236" 1986 211.348904 298.5382619 1380.768077905 254.94358295 5.50545072920192e-07
"237" 1987 211.348904 298.5382619 852.384072115 254.94358295 3.39865802699163e-07
"238" 1988 211.348904 298.5382619 913.439570448 254.94358295 3.64210082031664e-07
"239" 1989 211.348904 298.5382619 1423.418356954 254.94358295 5.67550753573474e-07
"240" 1990 211.348904 298.5382619 1036.05881353 254.94358295 4.13101290630885e-07
"241" 1991 211.348904 298.5382619 882.871075043 254.94358295 3.52021695871013e-07
"242" 1992 211.348904 298.5382619 1364.321281449 254.94358295 5.43987344001726e-07
"243" 1993 211.348904 298.5382619 1402.786604358 254.94358295 5.59324383106776e-07
"244" 1994 211.348904 298.5382619 711.342340026 254.94358295 2.83629109571418e-07
"245" 1995 211.348904 298.5382619 1052.948511037 254.94358295 4.19835614732366e-07
"246" 1996 211.348904 298.5382619 988.410304288 254.94358295 3.94102696721488e-07
"247" 1997 211.348904 298.5382619 1447.158482452 254.94358295 5.77016506245901e-07
"248" 1998 211.348904 298.5382619 1029.556035993 254.94358295 4.10508478564485e-07
"249" 1999 211.348904 298.5382619 947.725030618 254.94358295 3.77880510448603e-07
"250" 2000 211.348904 298.5382619 758.145941553 254.94358295 3.02290818679516e-07
"251" 2001 211.348904 298.5382619 943.549203263 254.94358295 3.76215508764071e-07
"252" 2002 211.348904 298.5382619 2396.388238815 254.94358295 9.5549698663751e-07
"253" 2003 211.348904 298.5382619 2393.528912308 254.94358295 9.543569051528e-07
"254" 2004 211.348904 298.5382619 1724.721775298 254.94358295 6.87687592683332e-07
"255" 2005 211.348904 298.5382619 799.462583755 254.94358295 3.18764746602611e-07
"256" 2006 211.348904 298.5382619 609.157817371 254.94358295 2.42885710026891e-07
"257" 2007 211.348904 298.5382619 840.457158208 254.94358295 3.35110258454104e-07
"258" 2008 211.348904 298.5382619 908.173133786 254.94358295 3.62110228477322e-07
"259" 2009 211.348904 298.5382619 1194.636338645 254.94358295 4.76329921510304e-07
"260" 2010 211.348904 298.5382619 2432.520389743 254.94358295 9.69903734581453e-07
"261" 2011 211.348904 298.5382619 1855.44312871 254.94358295 7.39809305372135e-07
"262" 1983 298.5382619 421.6965034 751.674088848 360.11738265 2.12178669715123e-07
"263" 1984 298.5382619 421.6965034 624.815884242 360.11738265 1.76369792576626e-07
"264" 1985 298.5382619 421.6965034 533.387777949 360.11738265 1.50561940136811e-07
"265" 1986 298.5382619 421.6965034 1058.135839328 360.11738265 2.98685105815734e-07
"266" 1987 298.5382619 421.6965034 475.692171397 360.11738265 1.34275923060751e-07
"267" 1988 298.5382619 421.6965034 453.938355325 360.11738265 1.28135368498788e-07
"268" 1989 298.5382619 421.6965034 568.990310989 360.11738265 1.60611638817383e-07
"269" 1990 298.5382619 421.6965034 561.809022054 360.11738265 1.58584541760727e-07
"270" 1991 298.5382619 421.6965034 333.805376297 360.11738265 9.42248532139781e-08
"271" 1992 298.5382619 421.6965034 426.215568808 360.11738265 1.20309923866277e-07
"272" 1993 298.5382619 421.6965034 659.831938023 360.11738265 1.86253942928692e-07
"273" 1994 298.5382619 421.6965034 384.969452511 360.11738265 1.08667183725766e-07
"274" 1995 298.5382619 421.6965034 480.16916067 360.11738265 1.3553966441138e-07
"275" 1996 298.5382619 421.6965034 540.01358383 360.11738265 1.52432238313213e-07
"276" 1997 298.5382619 421.6965034 581.440697407 360.11738265 1.64126069428739e-07
"277" 1998 298.5382619 421.6965034 655.465682857 360.11738265 1.85021459028417e-07
"278" 1999 298.5382619 421.6965034 596.757802061 360.11738265 1.68449702420204e-07
"279" 2000 298.5382619 421.6965034 362.325924868 360.11738265 1.02275485988369e-07
"280" 2001 298.5382619 421.6965034 326.901941806 360.11738265 9.22761874710752e-08
"281" 2002 298.5382619 421.6965034 663.461679203 360.11738265 1.87278527474586e-07
"282" 2003 298.5382619 421.6965034 1209.215299233 360.11738265 3.41331033485065e-07
"283" 2004 298.5382619 421.6965034 1492.559184196 360.11738265 4.21311878209275e-07
"284" 2005 298.5382619 421.6965034 684.062065507 360.11738265 1.93093497853968e-07
"285" 2006 298.5382619 421.6965034 340.829569918 360.11738265 9.62076062188201e-08
"286" 2007 298.5382619 421.6965034 354.986776334 360.11738265 1.00203829141487e-07
"287" 2008 298.5382619 421.6965034 419.464889505 360.11738265 1.18404377066893e-07
"288" 2009 298.5382619 421.6965034 491.696737063 360.11738265 1.38793608987087e-07
"289" 2010 298.5382619 421.6965034 1125.261905394 360.11738265 3.17633104173535e-07
"290" 2011 298.5382619 421.6965034 1493.738834964 360.11738265 4.21644863919966e-07
"291" 1983 421.6965034 595.6621435 581.507777189 508.67932345 1.16205763831561e-07
"292" 1984 421.6965034 595.6621435 457.810156692 508.67932345 9.14866164050454e-08
"293" 1985 421.6965034 595.6621435 535.527940718 508.67932345 1.07017370782389e-07
"294" 1986 421.6965034 595.6621435 917.756786332 508.67932345 1.83400175459126e-07
"295" 1987 421.6965034 595.6621435 298.9299259 508.67932345 5.97367425406441e-08
"296" 1988 421.6965034 595.6621435 242.227673018 508.67932345 4.84056325097948e-08
"297" 1989 421.6965034 595.6621435 246.770603189 508.67932345 4.9313470188435e-08
"298" 1990 421.6965034 595.6621435 286.475274892 508.67932345 5.72478639900658e-08
"299" 1991 421.6965034 595.6621435 197.399152927 508.67932345 3.94473130806119e-08
"300" 1992 421.6965034 595.6621435 149.812794356 508.67932345 2.99378802533562e-08
"301" 1993 421.6965034 595.6621435 273.880790458 508.67932345 5.47310417890069e-08
"302" 1994 421.6965034 595.6621435 173.921245926 508.67932345 3.47555991891727e-08
"303" 1995 421.6965034 595.6621435 219.783952027 508.67932345 4.39205854591963e-08
"304" 1996 421.6965034 595.6621435 253.94298594 508.67932345 5.074676523412e-08
"305" 1997 421.6965034 595.6621435 193.666256097 508.67932345 3.87013486336161e-08
"306" 1998 421.6965034 595.6621435 271.931133986 508.67932345 5.43414316609479e-08
"307" 1999 421.6965034 595.6621435 221.711594329 508.67932345 4.43057963796431e-08
"308" 2000 421.6965034 595.6621435 171.559727763 508.67932345 3.42836845687698e-08
"309" 2001 421.6965034 595.6621435 137.529391517 508.67932345 2.7483223126917e-08
"310" 2002 421.6965034 595.6621435 209.49800367 508.67932345 4.18650901890639e-08
"311" 2003 421.6965034 595.6621435 202.837782905 508.67932345 4.05341431722847e-08
"312" 2004 421.6965034 595.6621435 356.929266295 508.67932345 7.13270564052464e-08
"313" 2005 421.6965034 595.6621435 229.807295671 508.67932345 4.59236030455264e-08
"314" 2006 421.6965034 595.6621435 198.478612185 508.67932345 3.96630271132038e-08
"315" 2007 421.6965034 595.6621435 173.583281104 508.67932345 3.46880618976191e-08
"316" 2008 421.6965034 595.6621435 196.99364087 508.67932345 3.93662774690946e-08
"317" 2009 421.6965034 595.6621435 206.966835782 508.67932345 4.13592735700106e-08
"318" 2010 421.6965034 595.6621435 369.468665675 508.67932345 7.38328706696501e-08
"319" 2011 421.6965034 595.6621435 600.170872022 508.67932345 1.19935308432002e-07
"320" 1983 595.6621435 841.3951416 469.336924512 718.52864255 6.63982855046483e-08
"321" 1984 595.6621435 841.3951416 251.849855996 718.52864255 3.56298381170719e-08
"322" 1985 595.6621435 841.3951416 335.980312614 718.52864255 4.7531987269233e-08
"323" 1986 595.6621435 841.3951416 189.773748108 718.52864255 2.68477736356753e-08
"324" 1987 595.6621435 841.3951416 157.649322008 718.52864255 2.23030495697421e-08
"325" 1988 595.6621435 841.3951416 132.130985885 718.52864255 1.8692905813718e-08
"326" 1989 595.6621435 841.3951416 150.112300494 718.52864255 2.12367680133493e-08
"327" 1990 595.6621435 841.3951416 118.206616123 718.52864255 1.67229898948056e-08
"328" 1991 595.6621435 841.3951416 121.544775871 718.52864255 1.71952478238792e-08
"329" 1992 595.6621435 841.3951416 86.496068046 718.52864255 1.22368182028707e-08
"330" 1993 595.6621435 841.3951416 114.407963936 718.52864255 1.61855849320328e-08
"331" 1994 595.6621435 841.3951416 99.782706482 718.52864255 1.41165126530524e-08
"332" 1995 595.6621435 841.3951416 100.420312131 718.52864255 1.4206716341939e-08
"333" 1996 595.6621435 841.3951416 159.215070375 718.52864255 2.25245599638126e-08
"334" 1997 595.6621435 841.3951416 93.62827586 718.52864255 1.32458297380378e-08
"335" 1998 595.6621435 841.3951416 103.904708983 718.52864255 1.46996628051459e-08
"336" 1999 595.6621435 841.3951416 82.996744824 718.52864255 1.1741760068229e-08
"337" 2000 595.6621435 841.3951416 64.142183512 718.52864255 9.07435744193706e-09
"338" 2001 595.6621435 841.3951416 50.472647681 718.52864255 7.14049352580371e-09
"339" 2002 595.6621435 841.3951416 120.390377963 718.52864255 1.70319322229151e-08
"340" 2003 595.6621435 841.3951416 231.599143544 718.52864255 3.27649184467125e-08
"341" 2004 595.6621435 841.3951416 223.960166711 718.52864255 3.16842130126614e-08
"342" 2005 595.6621435 841.3951416 92.690888059 718.52864255 1.31132151075054e-08
"343" 2006 595.6621435 841.3951416 99.397496445 718.52864255 1.40620160117694e-08
"344" 2007 595.6621435 841.3951416 98.792154247 718.52864255 1.39763767151541e-08
"345" 2008 595.6621435 841.3951416 154.107032183 718.52864255 2.18019128407597e-08
"346" 2009 595.6621435 841.3951416 128.551667597 718.52864255 1.81865305741271e-08
"347" 2010 595.6621435 841.3951416 111.296357639 718.52864255 1.57453780944798e-08
"348" 2011 595.6621435 841.3951416 175.285667939 718.52864255 2.47981081752478e-08
"349" 1983 841.3951416 1188.502227 157.204020016 1014.9486843 1.57447507681652e-08
"350" 1984 841.3951416 1188.502227 148.374391332 1014.9486843 1.48604203102617e-08
"351" 1985 841.3951416 1188.502227 198.095978726 1014.9486843 1.98402802479172e-08
"352" 1986 841.3951416 1188.502227 101.740992979 1014.9486843 1.01898575952254e-08
"353" 1987 841.3951416 1188.502227 58.826027941 1014.9486843 5.89171414648238e-09
"354" 1988 841.3951416 1188.502227 104.080878754 1014.9486843 1.04242085892368e-08
"355" 1989 841.3951416 1188.502227 73.582881726 1014.9486843 7.36968516111312e-09
"356" 1990 841.3951416 1188.502227 41.963990414 1014.9486843 4.20289869329586e-09
"357" 1991 841.3951416 1188.502227 61.476277917 1014.9486843 6.15714963179127e-09
"358" 1992 841.3951416 1188.502227 44.223139555 1014.9486843 4.4291635188998e-09
"359" 1993 841.3951416 1188.502227 46.149876682 1014.9486843 4.6221356569997e-09
"360" 1994 841.3951416 1188.502227 161.76107134 1014.9486843 1.62011617258927e-08
"361" 1995 841.3951416 1188.502227 47.329936099 1014.9486843 4.74032437386839e-09
"362" 1996 841.3951416 1188.502227 71.065125557 1014.9486843 7.11751957799457e-09
"363" 1997 841.3951416 1188.502227 63.960572271 1014.9486843 6.40596385062937e-09
"364" 1998 841.3951416 1188.502227 68.467484527 1014.9486843 6.85735313569655e-09
"365" 1999 841.3951416 1188.502227 56.876492878 1014.9486843 5.69645868369198e-09
"366" 2000 841.3951416 1188.502227 20.757245902 1014.9486843 2.07893960553455e-09
"367" 2001 841.3951416 1188.502227 43.041719902 1014.9486843 4.31083856774904e-09
"368" 2002 841.3951416 1188.502227 66.253987612 1014.9486843 6.63566060360207e-09
"369" 2003 841.3951416 1188.502227 307.677427728 1014.9486843 3.0815397825542e-08
"370" 2004 841.3951416 1188.502227 161.434427821 1014.9486843 1.61684467813501e-08
"371" 2005 841.3951416 1188.502227 141.58071756 1014.9486843 1.41800006853089e-08
"372" 2006 841.3951416 1188.502227 31.609560613 1014.9486843 3.16585195271878e-09
"373" 2007 841.3951416 1188.502227 58.74923129 1014.9486843 5.88402258662467e-09
"374" 2008 841.3951416 1188.502227 123.082823818 1014.9486843 1.23273462387231e-08
"375" 2009 841.3951416 1188.502227 88.522350992 1014.9486843 8.86594600850044e-09
"376" 2010 841.3951416 1188.502227 35.000750968 1014.9486843 3.50549623752426e-09
"377" 2011 841.3951416 1188.502227 24.708568256 1014.9486843 2.47468384707543e-09
"378" 1983 1188.502227 1678.804018 47.247193901 1433.6531225 3.35002587935704e-09
"379" 1984 1188.502227 1678.804018 46.760379031 1433.6531225 3.31550864609292e-09
"380" 1985 1188.502227 1678.804018 58.619322834 1433.6531225 4.15635791907059e-09
"381" 1986 1188.502227 1678.804018 37.922539301 1433.6531225 2.68886842963589e-09
"382" 1987 1188.502227 1678.804018 26.342668761 1433.6531225 1.86780663134393e-09
"383" 1988 1188.502227 1678.804018 41.673613812 1433.6531225 2.95483547761714e-09
"384" 1989 1188.502227 1678.804018 31.661807232 1433.6531225 2.24495604620805e-09
"385" 1990 1188.502227 1678.804018 16.633769301 1433.6531225 1.17940459588702e-09
"386" 1991 1188.502227 1678.804018 20.950023195 1433.6531225 1.48544525254641e-09
"387" 1992 1188.502227 1678.804018 9.754842509 1433.6531225 6.91659591946909e-10
"388" 1993 1188.502227 1678.804018 22.060022663 1433.6531225 1.56414890956495e-09
"389" 1994 1188.502227 1678.804018 43.587329183 1433.6531225 3.09052599147087e-09
"390" 1995 1188.502227 1678.804018 25.897401706 1433.6531225 1.83623531388959e-09
"391" 1996 1188.502227 1678.804018 35.372547932 1433.6531225 2.50806325639774e-09
"392" 1997 1188.502227 1678.804018 19.500829695 1433.6531225 1.38269130403957e-09
"393" 1998 1188.502227 1678.804018 26.111854912 1433.6531225 1.85144095322378e-09
"394" 1999 1188.502227 1678.804018 21.208012996 1433.6531225 1.50373782060392e-09
"395" 2000 1188.502227 1678.804018 19.031125505 1433.6531225 1.34938729035699e-09
"396" 2001 1188.502227 1678.804018 20.615828824 1433.6531225 1.46174945816905e-09
"397" 2002 1188.502227 1678.804018 27.855597201 1433.6531225 1.97507965666339e-09
"398" 2003 1188.502227 1678.804018 33.291400583 1433.6531225 2.36050110715108e-09
"399" 2004 1188.502227 1678.804018 28.212975677 1433.6531225 2.00041930214231e-09
"400" 2005 1188.502227 1678.804018 40.948888749 1433.6531225 2.90344940542932e-09
"401" 2006 1188.502227 1678.804018 13.984110741 1433.6531225 9.91532597265067e-10
"402" 2007 1188.502227 1678.804018 29.042420812 1433.6531225 2.05923047034796e-09
"403" 2008 1188.502227 1678.804018 57.995354745 1433.6531225 4.1121159424905e-09
"404" 2009 1188.502227 1678.804018 29.994367463 1433.6531225 2.12672751415758e-09
"405" 2010 1188.502227 1678.804018 31.43963431 1433.6531225 2.22920304635896e-09
"406" 2011 1188.502227 1678.804018 13.407980447 1433.6531225 9.50682522680199e-10
"407" 1983 1678.804018 2371.373706 15.354110481 2025.088862 7.70720309245126e-10
"408" 1984 1678.804018 2371.373706 28.467845402 2025.088862 1.42898194193161e-09
"409" 1985 1678.804018 2371.373706 24.017423113 2025.088862 1.20558698544136e-09
"410" 1986 1678.804018 2371.373706 20.46581275 2025.088862 1.02730910730073e-09
"411" 1987 1678.804018 2371.373706 10.351379028 2025.088862 5.19601448449007e-10
"412" 1988 1678.804018 2371.373706 18.072626046 2025.088862 9.07179869018206e-10
"413" 1989 1678.804018 2371.373706 11.646881598 2025.088862 5.8463094935131e-10
"414" 1990 1678.804018 2371.373706 7.490865014 2025.088862 3.76014084778656e-10
"415" 1991 1678.804018 2371.373706 13.343499186 2025.088862 6.69794960233751e-10
"416" 1992 1678.804018 2371.373706 4.88290717 2025.088862 2.45104119104433e-10
"417" 1993 1678.804018 2371.373706 21.272348893 2025.088862 1.06779427811668e-09
"418" 1994 1678.804018 2371.373706 13.099009245 2025.088862 6.57522457494629e-10
"419" 1995 1678.804018 2371.373706 18.798980167 2025.088862 9.43640194964886e-10
"420" 1996 1678.804018 2371.373706 10.014115385 2025.088862 5.02672044459648e-10
"421" 1997 1678.804018 2371.373706 7.539747679 2025.088862 3.78467816157764e-10
"422" 1998 1678.804018 2371.373706 11.394730242 2025.088862 5.71973871540558e-10
"423" 1999 1678.804018 2371.373706 11.014861667 2025.088862 5.52905855457256e-10
"424" 2000 1678.804018 2371.373706 13.079228271 2025.088862 6.56529524793167e-10
"425" 2001 1678.804018 2371.373706 22.209962252 2025.088862 1.11485904679182e-09
"426" 2002 1678.804018 2371.373706 14.377061385 2025.088862 7.21676010498635e-10
"427" 2003 1678.804018 2371.373706 9.765800963 2025.088862 4.90207566732287e-10
"428" 2004 1678.804018 2371.373706 9.485535695 2025.088862 4.76139273144656e-10
"429" 2005 1678.804018 2371.373706 11.239557392 2025.088862 5.64184760794844e-10
"430" 2006 1678.804018 2371.373706 9.379464136 2025.088862 4.70814868005344e-10
"431" 2007 1678.804018 2371.373706 20.406650554 2025.088862 1.02433938098196e-09
"432" 2008 1678.804018 2371.373706 12.863558097 2025.088862 6.45703669175812e-10
"433" 2009 1678.804018 2371.373706 13.858804114 2025.088862 6.9566138694438e-10
"434" 2010 1678.804018 2371.373706 29.128154954 2025.088862 1.46212707155307e-09
"435" 2011 1678.804018 2371.373706 7.081672996 2025.088862 3.55474138876621e-10
"436" 1983 2371.373706 3349.654392 9.219578601 2860.514049 3.27629661740673e-10
"437" 1984 2371.373706 3349.654392 21.124426284 2860.514049 7.50683836801609e-10
"438" 1985 2371.373706 3349.654392 25.687949111 2860.514049 9.12854528637099e-10
"439" 1986 2371.373706 3349.654392 11.491539064 2860.514049 4.08366718193571e-10
"440" 1987 2371.373706 3349.654392 5.167845479 2860.514049 1.83646079662381e-10
"441" 1988 2371.373706 3349.654392 15.276680345 2860.514049 5.42876614058028e-10
"442" 1989 2371.373706 3349.654392 9.134657507 2860.514049 3.24611880722042e-10
"443" 1990 2371.373706 3349.654392 8.148185866 2860.514049 2.8955633382074e-10
"444" 1991 2371.373706 3349.654392 8.796511895 2860.514049 3.12595438618426e-10
"445" 1992 2371.373706 3349.654392 3.733780479 2860.514049 1.32684723270976e-10
"446" 1993 2371.373706 3349.654392 17.013201827 2860.514049 6.04586153113464e-10
"447" 1994 2371.373706 3349.654392 5.988693031 2860.514049 2.12815960135362e-10
"448" 1995 2371.373706 3349.654392 7.383413483 2860.514049 2.62379157076055e-10
"449" 1996 2371.373706 3349.654392 8.707911793 2860.514049 3.09446919287478e-10
"450" 1997 2371.373706 3349.654392 7.097168456 2860.514049 2.52207069453656e-10
"451" 1998 2371.373706 3349.654392 6.54600696 2860.514049 2.32620832130469e-10
"452" 1999 2371.373706 3349.654392 8.684224966 2860.514049 3.08605177223813e-10
"453" 2000 2371.373706 3349.654392 10.932222826 2860.514049 3.88490691555854e-10
"454" 2001 2371.373706 3349.654392 6.308933222 2860.514049 2.24196109922438e-10
"455" 2002 2371.373706 3349.654392 10.625209899 2860.514049 3.77580589719733e-10
"456" 2003 2371.373706 3349.654392 10.833669262 2860.514049 3.84988463066456e-10
"457" 2004 2371.373706 3349.654392 4.543534758 2860.514049 1.61460389925963e-10
"458" 2005 2371.373706 3349.654392 3.578560179 2860.514049 1.27168768954065e-10
"459" 2006 2371.373706 3349.654392 5.15470844 2860.514049 1.83179237973611e-10
"460" 2007 2371.373706 3349.654392 12.763122923 2860.514049 4.53554096882862e-10
"461" 2008 2371.373706 3349.654392 9.781311139 2860.514049 3.4759155472716e-10
"462" 2009 2371.373706 3349.654392 9.117733663 2860.514049 3.24010470014999e-10
"463" 2010 2371.373706 3349.654392 15.321241474 2860.514049 5.44460151468238e-10
"464" 2011 2371.373706 3349.654392 8.811730824 2860.514049 3.13136262963672e-10
"465" 1983 3349.654392 4731.51259 6.358974353 4040.583491 1.59977614176621e-10
"466" 1984 3349.654392 4731.51259 7.515378764 4040.583491 1.89070170369716e-10
"467" 1985 3349.654392 4731.51259 13.048244852 4040.583491 3.28264742824532e-10
"468" 1986 3349.654392 4731.51259 7.254898421 4040.583491 1.82517065812314e-10
"469" 1987 3349.654392 4731.51259 4.918960379 4040.583491 1.23750073829202e-10
"470" 1988 3349.654392 4731.51259 5.861194581 4040.583491 1.47454585164502e-10
"471" 1989 3349.654392 4731.51259 5.935027638 4040.583491 1.49312060230533e-10
"472" 1990 3349.654392 4731.51259 6.814105592 4040.583491 1.71427701204904e-10
"473" 1991 3349.654392 4731.51259 4.448897814 4040.583491 1.11924347935691e-10
"474" 1992 3349.654392 4731.51259 4.372249031 4040.583491 1.09996035482583e-10
"475" 1993 3349.654392 4731.51259 7.291713002 4040.583491 1.83443238573573e-10
"476" 1994 3349.654392 4731.51259 2.631610253 4040.583491 6.62054454613516e-11
"477" 1995 3349.654392 4731.51259 4.073922393 4040.583491 1.0249080254041e-10
"478" 1996 3349.654392 4731.51259 3.734990585 4040.583491 9.39640340707698e-11
"479" 1997 3349.654392 4731.51259 4.383312017 4040.583491 1.10274355539829e-10
"480" 1998 3349.654392 4731.51259 3.3772184 4040.583491 8.49632837299456e-11
"481" 1999 3349.654392 4731.51259 3.953728244 4040.583491 9.94669857851277e-11
"482" 2000 3349.654392 4731.51259 7.868010579 4040.583491 1.97941600464391e-10
"483" 2001 3349.654392 4731.51259 2.090838278 4040.583491 5.26008284945815e-11
"484" 2002 3349.654392 4731.51259 4.975478406 4040.583491 1.25171941353036e-10
"485" 2003 3349.654392 4731.51259 3.584241155 4040.583491 9.01715145839585e-11
"486" 2004 3349.654392 4731.51259 3.200614255 4040.583491 8.05203172698791e-11
"487" 2005 3349.654392 4731.51259 1.612290644 4040.583491 4.05616371867774e-11
"488" 2006 3349.654392 4731.51259 2.138003668 4040.583491 5.37874045279241e-11
"489" 2007 3349.654392 4731.51259 3.905364365 4040.583491 9.82502584411817e-11
"490" 2008 3349.654392 4731.51259 5.531392869 4040.583491 1.39157509550062e-10
"491" 2009 3349.654392 4731.51259 5.365648586 4040.583491 1.34987753000368e-10
"492" 2010 3349.654392 4731.51259 6.190104803 4040.583491 1.55729232878569e-10
"493" 2011 3349.654392 4731.51259 13.781307504 4040.583491 3.46706964415443e-10
"494" 1983 4731.51259 6683.439176 5.225118389 5707.475883 9.30611204839392e-11
"495" 1984 4731.51259 6683.439176 2.950125305 5707.475883 5.25427265015264e-11
"496" 1985 4731.51259 6683.439176 5.001967488 5707.475883 8.90867276878298e-11
"497" 1986 4731.51259 6683.439176 5.029213904 5707.475883 8.95719955446251e-11
"498" 1987 4731.51259 6683.439176 4.270347244 5707.475883 7.60563244306122e-11
"499" 1988 4731.51259 6683.439176 3.792788971 5707.475883 6.75508505498069e-11
"500" 1989 4731.51259 6683.439176 3.703800948 5707.475883 6.59659438522928e-11
"501" 1990 4731.51259 6683.439176 5.76728462 5707.475883 1.02717283883343e-10
"502" 1991 4731.51259 6683.439176 3.326589071 5707.475883 5.92476731223183e-11
"503" 1992 4731.51259 6683.439176 3.116582377 5707.475883 5.55073830852713e-11
"504" 1993 4731.51259 6683.439176 3.981066484 5707.475883 7.09041365458899e-11
"505" 1994 4731.51259 6683.439176 2.780105793 5707.475883 4.95146216600817e-11
"506" 1995 4731.51259 6683.439176 2.493337968 5707.475883 4.44071899951028e-11
"507" 1996 4731.51259 6683.439176 2.41584943 5707.475883 4.302709300321e-11
"508" 1997 4731.51259 6683.439176 2.465441882 5707.475883 4.39103512965306e-11
"509" 1998 4731.51259 6683.439176 3.40162199 5707.475883 6.05840347117553e-11
"510" 1999 4731.51259 6683.439176 2.233072288 5707.475883 3.97717704694315e-11
"511" 2000 4731.51259 6683.439176 6.706459853 5707.475883 1.19444311484812e-10
"512" 2001 4731.51259 6683.439176 1.748660468 5707.475883 3.11442326054537e-11
"513" 2002 4731.51259 6683.439176 2.301796583 5707.475883 4.09957733380809e-11
"514" 2003 4731.51259 6683.439176 2.12168028 5707.475883 3.77878412441609e-11
"515" 2004 4731.51259 6683.439176 2.124585857 5707.475883 3.78395905503282e-11
"516" 2005 4731.51259 6683.439176 1.673361797 5707.475883 2.98031378832818e-11
"517" 2006 4731.51259 6683.439176 0.950308033 5707.475883 1.69253065235893e-11
"518" 2007 4731.51259 6683.439176 3.675836493 5707.475883 6.54678874787757e-11
"519" 2008 4731.51259 6683.439176 2.235393404 5707.475883 3.98131103281011e-11
"520" 2009 4731.51259 6683.439176 3.274730355 5707.475883 5.8324051902945e-11
"521" 2010 4731.51259 6683.439176 3.781396047 5707.475883 6.73479387315292e-11
"522" 2011 4731.51259 6683.439176 6.538465046 5707.475883 1.16452267322173e-10
"523" 1983 6683.439176 9440.608763 3.201236657 8062.0239695 4.03636027779248e-11
"524" 1984 6683.439176 9440.608763 2.905961691 8062.0239695 3.66405536207099e-11
"525" 1985 6683.439176 9440.608763 2.766991421 8062.0239695 3.48883117913046e-11
"526" 1986 6683.439176 9440.608763 2.712183772 8062.0239695 3.4197255674416e-11
"527" 1987 6683.439176 9440.608763 2.420090695 8062.0239695 3.05143261701479e-11
"528" 1988 6683.439176 9440.608763 2.840528766 8062.0239695 3.5815526021603e-11
"529" 1989 6683.439176 9440.608763 2.429893763 8062.0239695 3.06379306346575e-11
"530" 1990 6683.439176 9440.608763 5.668508885 8062.0239695 7.14728292508358e-11
"531" 1991 6683.439176 9440.608763 2.265213176 8062.0239695 2.85615137648305e-11
"532" 1992 6683.439176 9440.608763 1.814449314 8062.0239695 2.28779435006245e-11
"533" 1993 6683.439176 9440.608763 2.28385874 8062.0239695 2.87966110786204e-11
"534" 1994 6683.439176 9440.608763 2.63749191 8062.0239695 3.32554844242589e-11
"535" 1995 6683.439176 9440.608763 1.438449796 8062.0239695 1.81370583942213e-11
"536" 1996 6683.439176 9440.608763 1.240189506 8062.0239695 1.56372433384686e-11
"537" 1997 6683.439176 9440.608763 1.200006892 8062.0239695 1.51305906776826e-11
"538" 1998 6683.439176 9440.608763 1.50078861 8062.0239695 1.89230731115153e-11
"539" 1999 6683.439176 9440.608763 1.757765521 8062.0239695 2.21632315471689e-11
"540" 2000 6683.439176 9440.608763 4.586514621 8062.0239695 5.78302306680066e-11
"541" 2001 6683.439176 9440.608763 0.650745297 8062.0239695 8.20508681239642e-12
"542" 2002 6683.439176 9440.608763 0.842230953 8062.0239695 1.0619482180372e-11
"543" 2003 6683.439176 9440.608763 0.940735126 8062.0239695 1.18614969818225e-11
"544" 2004 6683.439176 9440.608763 1.418504261 8062.0239695 1.78855700669923e-11
"545" 2005 6683.439176 9440.608763 0.880942623 8062.0239695 1.11075880713667e-11
"546" 2006 6683.439176 9440.608763 0.494581565 8062.0239695 6.23605686486564e-12
"547" 2007 6683.439176 9440.608763 1.887105494 8062.0239695 2.37940473389548e-11
"548" 2008 6683.439176 9440.608763 1.286478783 8062.0239695 1.62208934055824e-11
"549" 2009 6683.439176 9440.608763 0.726802545 8062.0239695 9.16407387757987e-12
"550" 2010 6683.439176 9440.608763 1.388169557 8062.0239695 1.75030872724246e-11
"551" 2011 6683.439176 9440.608763 1.448754458 8062.0239695 1.82669873336577e-11
"552" 1983 9440.608763 13335.21432 2.395146077 11387.9115415 2.13798251000322e-11
"553" 1984 9440.608763 13335.21432 1.284213982 11387.9115415 1.14632967858753e-11
"554" 1985 9440.608763 13335.21432 2.707875995 11387.9115415 2.41713504331184e-11
"555" 1986 9440.608763 13335.21432 1.179117715 11387.9115415 1.05251745441035e-11
"556" 1987 9440.608763 13335.21432 1.318703109 11387.9115415 1.17711575506919e-11
"557" 1988 9440.608763 13335.21432 1.525563875 11387.9115415 1.36176616280876e-11
"558" 1989 9440.608763 13335.21432 1.540020827 11387.9115415 1.37467089159368e-11
"559" 1990 9440.608763 13335.21432 1.378947249 11387.9115415 1.23089156393824e-11
"560" 1991 9440.608763 13335.21432 1.140922831 11387.9115415 1.01842350300264e-11
"561" 1992 9440.608763 13335.21432 1.055373518 11387.9115415 9.42059503039059e-12
"562" 1993 9440.608763 13335.21432 1.075191598 11387.9115415 9.59749742823897e-12
"563" 1994 9440.608763 13335.21432 1.2117896 11387.9115415 1.0816814036866e-11
"564" 1995 9440.608763 13335.21432 0.93849063 11387.9115415 8.3772617128016e-12
"565" 1996 9440.608763 13335.21432 1.05410689 11387.9115415 9.40928871159574e-12
"566" 1997 9440.608763 13335.21432 0.575799817 11387.9115415 5.13976976114537e-12
"567" 1998 9440.608763 13335.21432 0.627077944 11387.9115415 5.59749440568581e-12
"568" 1999 9440.608763 13335.21432 0.791483245 11387.9115415 7.06502768670421e-12
"569" 2000 9440.608763 13335.21432 1.534153059 11387.9115415 1.36943313783944e-11
"570" 2001 9440.608763 13335.21432 0.400711774 11387.9115415 3.57687897448588e-12
"571" 2002 9440.608763 13335.21432 0.593011044 11387.9115415 5.29340257149899e-12
"572" 2003 9440.608763 13335.21432 0.310316734 11387.9115415 2.76998449582799e-12
"573" 2004 9440.608763 13335.21432 0.324186016 11387.9115415 2.89378605693963e-12
"574" 2005 9440.608763 13335.21432 0.376415213 11387.9115415 3.3600002505949e-12
"575" 2006 9440.608763 13335.21432 0.509845587 11387.9115415 4.55104161819491e-12
"576" 2007 9440.608763 13335.21432 0.613764534 11387.9115415 5.47865473239058e-12
"577" 2008 9440.608763 13335.21432 0.265074622 11387.9115415 2.36613921432115e-12
"578" 2009 9440.608763 13335.21432 0.237102447 11387.9115415 2.1164508070418e-12
"579" 2010 9440.608763 13335.21432 0.239448997 11387.9115415 2.1373968483168e-12
"580" 2011 9440.608763 13335.21432 0.413084283 11387.9115415 3.68731987034969e-12
"581" 1983 13335.21432 18836.49089 0.806344144 16085.852605 5.09556773238555e-12
"582" 1984 13335.21432 18836.49089 0.582806679 16085.852605 3.68295712175617e-12
"583" 1985 13335.21432 18836.49089 0.406387878 16085.852605 2.56810565734007e-12
"584" 1986 13335.21432 18836.49089 0.404757898 16085.852605 2.55780524956228e-12
"585" 1987 13335.21432 18836.49089 0.585782313 16085.852605 3.70176118290874e-12
"586" 1988 13335.21432 18836.49089 0.688582435 16085.852605 4.35139073431836e-12
"587" 1989 13335.21432 18836.49089 0.344178692 16085.852605 2.17498427957811e-12
"588" 1990 13335.21432 18836.49089 0.456032613 16085.852605 2.88182792050917e-12
"589" 1991 13335.21432 18836.49089 0.375512197 16085.852605 2.37299154261658e-12
"590" 1992 13335.21432 18836.49089 0.269624345 16085.852605 1.70384955663247e-12
"591" 1993 13335.21432 18836.49089 0.287294668 16085.852605 1.81551444360365e-12
"592" 1994 13335.21432 18836.49089 0.22971036 16085.852605 1.45161927065557e-12
"593" 1995 13335.21432 18836.49089 0.193960982 16085.852605 1.22570657773763e-12
"594" 1996 13335.21432 18836.49089 0.431183733 16085.852605 2.72479924726079e-12
"595" 1997 13335.21432 18836.49089 0.281936968 16085.852605 1.78165728293231e-12
"596" 1998 13335.21432 18836.49089 0.227854138 16085.852605 1.43988916137441e-12
"597" 1999 13335.21432 18836.49089 0.230141329 16085.852605 1.45434271293068e-12
"598" 2000 13335.21432 18836.49089 0.270054324 16085.852605 1.70656674275493e-12
"599" 2001 13335.21432 18836.49089 0.091586434 16085.852605 5.78766375730831e-13
"600" 2002 13335.21432 18836.49089 0.159847448 16085.852605 1.01013134924308e-12
"601" 2003 13335.21432 18836.49089 0.088068537 16085.852605 5.56535566996817e-13
"602" 2004 13335.21432 18836.49089 0 16085.852605 0
"603" 2005 13335.21432 18836.49089 0.104850427 16085.852605 6.62586138342498e-13
"604" 2006 13335.21432 18836.49089 0.053838488 16085.852605 3.4022403988988e-13
"605" 2007 13335.21432 18836.49089 0.302166241 16085.852605 1.90949306064017e-12
"606" 2008 13335.21432 18836.49089 0.143309133 16085.852605 9.05620012626953e-13
"607" 2009 13335.21432 18836.49089 0.129698941 16085.852605 8.19612498710201e-13
"608" 2010 13335.21432 18836.49089 0.143605961 16085.852605 9.07495771495078e-13
"609" 2011 13335.21432 18836.49089 0.053706703 16085.852605 3.39391244862336e-13
"610" 1983 18836.49089 26607.2506 0.038054105 22721.870745 1.70244720989228e-13
"611" 1984 18836.49089 26607.2506 0.072595596 22721.870745 3.24774869519773e-13
"612" 1985 18836.49089 26607.2506 0.103689188 22721.870745 4.63879964609853e-13
"613" 1986 18836.49089 26607.2506 0.0867046 22721.870745 3.8789508872913e-13
"614" 1987 18836.49089 26607.2506 0.094701889 22721.870745 4.23672995855713e-13
"615" 1988 18836.49089 26607.2506 0.253290345 22721.870745 1.13315880412351e-12
"616" 1989 18836.49089 26607.2506 0.081787775 22721.870745 3.65898421082424e-13
"617" 1990 18836.49089 26607.2506 0.07600412 22721.870745 3.40023768879384e-13
"618" 1991 18836.49089 26607.2506 0.111569658 22721.870745 4.99135252217168e-13
"619" 1992 18836.49089 26607.2506 0.041860824 22721.870745 1.87275046995828e-13
"620" 1993 18836.49089 26607.2506 0.04196713 22721.870745 1.87750633934727e-13
"621" 1994 18836.49089 26607.2506 0.0291752 22721.870745 1.30522680373246e-13
"622" 1995 18836.49089 26607.2506 0.011812688 22721.870745 5.2847065321673e-14
"623" 1996 18836.49089 26607.2506 0.027540342 22721.870745 1.23208727146202e-13
"624" 1997 18836.49089 26607.2506 0 22721.870745 0
"625" 1998 18836.49089 26607.2506 0.01418663 22721.870745 6.34674988710788e-14
"626" 1999 18836.49089 26607.2506 0.054950617 22721.870745 2.45835566474391e-13
"627" 2000 18836.49089 26607.2506 0.085890742 22721.870745 3.84254087892693e-13
"628" 2001 18836.49089 26607.2506 0 22721.870745 0
"629" 2002 18836.49089 26607.2506 0 22721.870745 0
"630" 2003 18836.49089 26607.2506 0.025460592 22721.870745 1.13904436361349e-13
"631" 2004 18836.49089 26607.2506 0.019599807 22721.870745 8.76847234787869e-14
"632" 2005 18836.49089 26607.2506 0 22721.870745 0
"633" 2006 18836.49089 26607.2506 0 22721.870745 0
"634" 2007 18836.49089 26607.2506 0 22721.870745 0
"635" 2008 18836.49089 26607.2506 0.024961195 22721.870745 1.11670256818094e-13
"636" 2009 18836.49089 26607.2506 0.014480531 22721.870745 6.47823397730907e-14
"637" 2010 18836.49089 26607.2506 0 22721.870745 0
"638" 2011 18836.49089 26607.2506 0 22721.870745 0
"639" 1983 26607.2506 37583.74043 0 32095.495515 0
"640" 1984 26607.2506 37583.74043 0 32095.495515 0
"641" 1985 26607.2506 37583.74043 0 32095.495515 0
"642" 1986 26607.2506 37583.74043 0 32095.495515 0
"643" 1987 26607.2506 37583.74043 0 32095.495515 0
"644" 1988 26607.2506 37583.74043 0 32095.495515 0
"645" 1989 26607.2506 37583.74043 0 32095.495515 0
"646" 1990 26607.2506 37583.74043 0.038755821 32095.495515 1.22746490444539e-13
"647" 1991 26607.2506 37583.74043 0 32095.495515 0
"648" 1992 26607.2506 37583.74043 0 32095.495515 0
"649" 1993 26607.2506 37583.74043 0 32095.495515 0
"650" 1994 26607.2506 37583.74043 0 32095.495515 0
"651" 1995 26607.2506 37583.74043 0 32095.495515 0
"652" 1996 26607.2506 37583.74043 0.051871591 32095.495515 1.64286437101269e-13
"653" 1997 26607.2506 37583.74043 0 32095.495515 0
"654" 1998 26607.2506 37583.74043 0 32095.495515 0
"655" 1999 26607.2506 37583.74043 0.022642483 32095.495515 7.17127195731486e-14
"656" 2000 26607.2506 37583.74043 0 32095.495515 0
"657" 2001 26607.2506 37583.74043 0 32095.495515 0
"658" 2002 26607.2506 37583.74043 0 32095.495515 0
"659" 2003 26607.2506 37583.74043 0 32095.495515 0
"660" 2004 26607.2506 37583.74043 0.022248968 32095.495515 7.04663884687893e-14
"661" 2005 26607.2506 37583.74043 0 32095.495515 0
"662" 2006 26607.2506 37583.74043 0 32095.495515 0
"663" 2007 26607.2506 37583.74043 0 32095.495515 0
"664" 2008 26607.2506 37583.74043 0 32095.495515 0
"665" 2009 26607.2506 37583.74043 0 32095.495515 0
"666" 2010 26607.2506 37583.74043 0 32095.495515 0
"667" 2011 26607.2506 37583.74043 0 32095.495515 0
